<?xml version="1.0" ?>
<MSBPointSpriteMesh>
    <bone boneName="skelBase" parent="-1">
        <transformMatrix>mat4f 1.000000 0.000000 0.000000 0.000000 0.000000 1.000000 0.000000 0.000000 0.000000 0.000000 1.000000 0.000000 -0.003906 0.013687 0.000000 1.000000</transformMatrix>
        <inverseTransformMatrix>mat4f 1.000010 0.000000 0.000000 0.000000 0.000000 1.000010 0.000000 0.000000 -0.000000 0.000000 1.000010 0.000000 0.003868 -0.013687 0.000546 1.000010</inverseTransformMatrix>
    </bone>
    <bone boneName="pelvis" parent="0">
        <transformMatrix>mat4f 1.000000 0.000000 0.000000 0.000000 0.000000 1.000000 0.000000 0.000000 0.000000 0.000000 1.000000 0.000000 0.019531 2.072250 0.364319 1.000000</transformMatrix>
        <inverseTransformMatrix>mat4f 1.000010 0.000000 0.000000 0.000000 0.000000 1.000010 0.000000 0.000000 -0.000000 0.000000 1.000010 0.000000 0.035484 -2.085958 -0.362927 1.000010</inverseTransformMatrix>
    </bone>
    <bone boneName="spine" parent="1">
        <transformMatrix>mat4f 0.999979 -0.006498 -0.000638 0.000000 0.006496 0.999979 -0.000144 0.000000 0.000653 -0.000001 1.000000 0.000000 0.035156 0.968750 0.000000 1.000000</transformMatrix>
        <inverseTransformMatrix>mat4f 0.999992 0.006435 0.000636 0.000000 -0.006452 0.999990 -0.000770 0.000000 -0.000656 0.000906 1.000008 0.000000 0.053909 -3.069313 -0.362900 1.000011</inverseTransformMatrix>
    </bone>
    <bone boneName="neck" parent="2">
        <transformMatrix>mat4f 1.000000 0.000000 0.000000 0.000000 0.000000 1.000000 0.000000 0.000000 0.000000 0.000000 1.000000 0.000000 -0.058594 0.943359 0.000000 1.000000</transformMatrix>
        <inverseTransformMatrix>mat4f 0.999992 0.006435 0.000636 0.000000 -0.006452 0.999990 -0.000770 0.000000 -0.000656 0.000906 1.000008 0.000000 0.111928 -4.012683 -0.354704 1.000011</inverseTransformMatrix>
    </bone>
    <bone boneName="head" parent="3">
        <transformMatrix>mat4f 0.998416 0.000481 -0.056255 0.000000 -0.000024 0.999967 0.008122 0.000000 0.056257 -0.008108 0.998383 0.000000 0.003906 1.005859 0.000000 1.000000</transformMatrix>
        <inverseTransformMatrix>mat4f 0.998381 0.005280 0.056845 0.000000 -0.004788 0.999957 -0.009093 0.000000 -0.056904 0.008945 0.998348 0.000000 0.310698 -5.047163 -0.363404 1.000010</inverseTransformMatrix>
    </bone>
    <bone boneName="leftShoulder" parent="3">
        <transformMatrix>mat4f 0.404574 0.914376 -0.015404 0.000000 -0.914234 0.403398 0.038021 0.000000 0.029159 -0.011142 0.999513 0.000000 -0.781250 -0.054688 0.000000 1.000000</transformMatrix>
        <inverseTransformMatrix>mat4f 0.415542 -0.906478 -0.040815 0.000000 0.903391 0.410713 0.126167 0.000000 -0.084261 -0.095965 0.992998 0.000000 -6.221690 2.403208 -1.292259 0.999773</inverseTransformMatrix>
    </bone>
    <bone boneName="leftElbow" parent="5">
        <transformMatrix>mat4f 0.858729 0.417049 0.297749 0.000000 -0.204146 0.811553 -0.547455 0.000000 -0.470739 0.408046 0.782243 0.000000 -0.792969 -0.042969 0.000000 1.000000</transformMatrix>
        <inverseTransformMatrix>mat4f 0.030351 -0.765168 -0.640844 0.000000 0.981059 0.147483 -0.125689 0.000000 0.202084 -0.633267 0.748429 0.000000 -6.872518 6.453894 2.125978 0.999772</inverseTransformMatrix>
    </bone>
    <bone boneName="rightShoulder" parent="3">
        <transformMatrix>mat4f 0.405609 -0.913820 -0.020365 0.000000 0.912526 0.406453 -0.045731 0.000000 0.050070 0.000000 0.998746 0.000000 0.757813 -0.082031 0.000000 1.000000</transformMatrix>
        <inverseTransformMatrix>mat4f 0.407534 0.912761 -0.032803 0.000000 -0.907265 0.400181 -0.128377 0.000000 -0.104120 0.082117 0.991179 0.000000 9.068751 -1.246282 0.767716 1.000011</inverseTransformMatrix>
    </bone>
    <bone boneName="rightElbow" parent="7">
        <transformMatrix>mat4f 0.687566 -0.410403 -0.599018 0.000000 0.311376 0.911817 -0.267648 0.000000 0.655144 -0.003579 0.755495 0.000000 0.949219 -0.076172 0.000000 1.000000</transformMatrix>
        <inverseTransformMatrix>mat4f -0.073163 0.980730 0.183481 0.000000 -0.702468 0.078911 -0.707498 0.000000 -0.707781 -0.179371 0.682525 0.000000 10.254916 2.191323 5.788846 1.000009</inverseTransformMatrix>
    </bone>
    <bone boneName="rightThigh" parent="1">
        <transformMatrix>mat4f 1.000000 0.000000 0.000000 0.000000 0.000000 1.000000 0.000000 0.000000 0.000000 0.000000 1.000000 0.000000 0.753906 -0.050781 0.000000 1.000000</transformMatrix>
        <inverseTransformMatrix>mat4f 1.000010 0.000000 0.000000 0.000000 0.000000 1.000010 0.000000 0.000000 -0.000000 0.000000 1.000010 0.000000 -0.711019 -2.035177 -0.468373 1.000010</inverseTransformMatrix>
    </bone>
    <bone boneName="rightKnee" parent="9">
        <transformMatrix>mat4f 1.000000 0.000000 0.000000 0.000000 0.000000 1.000000 0.000000 0.000000 0.000000 0.000000 1.000000 0.000000 -0.007813 -0.908203 0.000000 1.000000</transformMatrix>
        <inverseTransformMatrix>mat4f 1.000010 0.000000 0.000000 0.000000 0.000000 1.000010 0.000000 0.000000 -0.000000 0.000000 1.000010 0.000000 -0.703283 -1.126965 -0.467281 1.000010</inverseTransformMatrix>
    </bone>
    <bone boneName="rightFoot" parent="10">
        <transformMatrix>mat4f 1.000000 0.000000 0.000000 0.000000 0.000000 1.000000 0.000000 0.000000 0.000000 0.000000 1.000000 0.000000 0.065920 -1.126953 0.039381 1.000000</transformMatrix>
        <inverseTransformMatrix>mat4f 1.000010 0.000000 0.000000 0.000000 0.000000 1.000010 0.000000 0.000000 -0.000000 0.000000 1.000010 0.000000 -0.763048 -0.000000 -0.515495 1.000010</inverseTransformMatrix>
    </bone>
    <bone boneName="rightToe" parent="11">
        <transformMatrix>mat4f 1.000000 0.000000 0.000000 0.000000 0.000000 1.000000 0.000000 0.000000 0.000000 0.000000 1.000000 0.000000 -0.016354 -0.013843 -0.742779 1.000000</transformMatrix>
        <inverseTransformMatrix>mat4f 1.000010 0.000000 0.000000 0.000000 0.000000 1.000010 0.000000 0.000000 -0.000000 0.000000 1.000010 0.000000 -0.850743 0.013843 0.222278 1.000010</inverseTransformMatrix>
    </bone>
    <bone boneName="leftThigh" parent="1">
        <transformMatrix>mat4f 1.000000 0.000000 0.000000 0.000000 0.000000 1.000000 0.000000 0.000000 0.000000 0.000000 1.000000 0.000000 -0.675781 -0.054688 0.000000 1.000000</transformMatrix>
        <inverseTransformMatrix>mat4f 1.000010 0.000000 0.000000 0.000000 0.000000 1.000010 0.000000 0.000000 -0.000000 0.000000 1.000010 0.000000 0.704630 -2.031270 -0.268408 1.000010</inverseTransformMatrix>
    </bone>
    <bone boneName="leftKnee" parent="13">
        <transformMatrix>mat4f 1.000000 0.000000 0.000000 0.000000 0.000000 1.000000 0.000000 0.000000 0.000000 0.000000 1.000000 0.000000 -0.011719 -0.974609 0.000000 1.000000</transformMatrix>
        <inverseTransformMatrix>mat4f 1.000010 0.000000 0.000000 0.000000 0.000000 1.000010 0.000000 0.000000 -0.000000 0.000000 1.000010 0.000000 0.716234 -1.056651 -0.266769 1.000010</inverseTransformMatrix>
    </bone>
    <bone boneName="leftFoot" parent="14">
        <transformMatrix>mat4f 1.000000 0.000000 0.000000 0.000000 0.000000 1.000000 0.000000 0.000000 0.000000 0.000000 1.000000 0.000000 -0.035156 -1.000488 0.000000 1.000000</transformMatrix>
        <inverseTransformMatrix>mat4f 1.000010 0.000000 0.000000 0.000000 0.000000 1.000010 0.000000 0.000000 -0.000000 0.000000 1.000010 0.000000 0.751044 -0.056153 -0.261852 1.000010</inverseTransformMatrix>
    </bone>
    <bone boneName="leftToe" parent="15">
        <transformMatrix>mat4f 1.000000 0.000000 0.000000 0.000000 0.000000 1.000000 0.000000 0.000000 0.000000 0.000000 1.000000 0.000000 -0.081007 -0.056152 -0.673039 1.000000</transformMatrix>
        <inverseTransformMatrix>mat4f 1.000010 0.000000 0.000000 0.000000 0.000000 1.000010 0.000000 0.000000 -0.000000 0.000000 1.000010 0.000000 0.737121 -0.000001 0.415909 1.000010</inverseTransformMatrix>
    </bone>
    <bone boneName="leftHand" parent="6">
        <transformMatrix>mat4f 1.000000 0.000000 0.000000 0.000000 0.000000 1.000000 0.000000 0.000000 0.000000 0.000000 1.000000 0.000000 -0.712681 -0.000388 -0.023379 1.000000</transformMatrix>
        <inverseTransformMatrix>mat4f 0.030351 -0.765168 -0.640844 0.000000 0.981059 0.147483 -0.125689 0.000000 0.202084 -0.633267 0.748429 0.000000 -6.170271 6.454280 2.248778 0.999772</inverseTransformMatrix>
    </bone>
    <bone boneName="rightHand" parent="8">
        <transformMatrix>mat4f 1.000000 0.000000 0.000000 0.000000 0.000000 1.000000 0.000000 0.000000 0.000000 0.000000 1.000000 0.000000 0.759992 -0.039842 0.118367 1.000000</transformMatrix>
        <inverseTransformMatrix>mat4f -0.073163 0.980730 0.183481 0.000000 -0.702468 0.078911 -0.707498 0.000000 -0.707781 -0.179371 0.682525 0.000000 9.518942 2.231165 5.565343 1.000009</inverseTransformMatrix>
    </bone>
</MSBPointSpriteMesh>
