<?xml version="1.0" ?>
<MSBPointSpriteMesh>
    <bone boneName="skelBase" parent="-1">
        <transformMatrix>mat4f 1.000000 0.000000 0.000000 0.000000 0.000000 1.000000 0.000000 0.000000 0.000000 0.000000 1.000000 0.000000 -0.003906 0.013687 0.000000 1.000000</transformMatrix>
        <inverseTransformMatrix>mat4f 1.000000 0.000000 0.000000 0.000000 0.000000 1.000000 0.000000 0.000000 0.000000 0.000000 1.000000 0.000000 0.003906 -0.013687 0.000000 1.000000</inverseTransformMatrix>
    </bone>
    <bone boneName="pelvis" parent="0">
        <transformMatrix>mat4f 1.000000 0.000000 0.000000 0.000000 0.000000 1.000000 0.000000 0.000000 0.000000 0.000000 1.000000 0.000000 0.019531 2.072250 0.364319 1.000000</transformMatrix>
        <inverseTransformMatrix>mat4f 1.000000 0.000000 0.000000 0.000000 0.000000 1.000000 0.000000 0.000000 0.000000 0.000000 1.000000 0.000000 -0.015625 -2.085937 -0.364319 1.000000</inverseTransformMatrix>
    </bone>
    <bone boneName="spine" parent="1">
        <transformMatrix>mat4f 0.999979 -0.006498 -0.000638 0.000000 0.006496 0.999979 -0.000144 0.000000 0.000653 -0.000001 1.000000 0.000000 0.035156 0.968750 0.000000 1.000000</transformMatrix>
        <inverseTransformMatrix>mat4f 0.999980 0.006498 0.000639 0.000000 -0.006496 0.999980 0.000140 0.000000 -0.000653 -0.000003 1.000001 0.000000 -0.032380 -3.073265 -0.366580 1.000001</inverseTransformMatrix>
    </bone>
    <bone boneName="neck" parent="2">
        <transformMatrix>mat4f 1.000000 0.000000 0.000000 0.000000 0.000000 1.000000 0.000000 0.000000 0.000000 0.000000 1.000000 0.000000 -0.058594 0.943359 0.000000 1.000000</transformMatrix>
        <inverseTransformMatrix>mat4f 0.999980 0.006498 0.000639 0.000000 -0.006496 0.999980 0.000140 0.000000 -0.000653 -0.000003 1.000001 0.000000 0.026214 -4.016625 -0.366580 1.000001</inverseTransformMatrix>
    </bone>
    <bone boneName="head" parent="3">
        <transformMatrix>mat4f 0.998416 0.000481 -0.056255 0.000000 -0.000024 0.999967 0.008122 0.000000 0.056257 -0.008108 0.998383 0.000000 0.003906 1.005859 0.000000 1.000000</transformMatrix>
        <inverseTransformMatrix>mat4f 0.998362 0.006479 0.056841 0.000000 -0.006013 0.999947 -0.008333 0.000000 -0.056907 0.008119 0.998347 0.000000 -0.105147 -5.003553 -0.486765 1.000000</inverseTransformMatrix>
    </bone>
    <bone boneName="leftShoulder" parent="3">
        <transformMatrix>mat4f 1.000000 0.000000 0.000000 0.000000 0.000000 1.000000 0.000000 0.000000 0.000000 0.000000 1.000000 0.000000 -0.781250 -0.054688 0.000000 1.000000</transformMatrix>
        <inverseTransformMatrix>mat4f 0.999980 0.006498 0.000639 0.000000 -0.006496 0.999980 0.000140 0.000000 -0.000653 -0.000003 1.000001 0.000000 0.807465 -3.961937 -0.366580 1.000001</inverseTransformMatrix>
    </bone>
    <bone boneName="leftElbow" parent="5">
        <transformMatrix>mat4f 1.000000 0.000000 0.000000 0.000000 0.000000 1.000000 0.000000 0.000000 0.000000 0.000000 1.000000 0.000000 -0.792969 -0.042969 0.000000 1.000000</transformMatrix>
        <inverseTransformMatrix>mat4f 0.999980 0.006498 0.000639 0.000000 -0.006496 0.999980 0.000140 0.000000 -0.000653 -0.000003 1.000001 0.000000 1.600435 -3.918968 -0.366580 1.000001</inverseTransformMatrix>
    </bone>
    <bone boneName="rightShoulder" parent="3">
        <transformMatrix>mat4f 1.000000 0.000000 0.000000 0.000000 0.000000 1.000000 0.000000 0.000000 0.000000 0.000000 1.000000 0.000000 0.757813 -0.082031 0.000000 1.000000</transformMatrix>
        <inverseTransformMatrix>mat4f 0.999980 0.006498 0.000639 0.000000 -0.006496 0.999980 0.000140 0.000000 -0.000653 -0.000003 1.000001 0.000000 -0.731600 -3.934594 -0.366580 1.000001</inverseTransformMatrix>
    </bone>
    <bone boneName="rightElbow" parent="7">
        <transformMatrix>mat4f 1.000000 0.000000 0.000000 0.000000 0.000000 1.000000 0.000000 0.000000 0.000000 0.000000 1.000000 0.000000 0.949219 -0.076172 0.000000 1.000000</transformMatrix>
        <inverseTransformMatrix>mat4f 0.999980 0.006498 0.000639 0.000000 -0.006496 0.999980 0.000140 0.000000 -0.000653 -0.000003 1.000001 0.000000 -1.680820 -3.858422 -0.366580 1.000001</inverseTransformMatrix>
    </bone>
    <bone boneName="rightThigh" parent="1">
        <transformMatrix>mat4f 1.000000 0.000000 0.000000 0.000000 0.000000 1.000000 0.000000 0.000000 0.000000 0.000000 1.000000 0.000000 0.753906 -0.050781 0.000000 1.000000</transformMatrix>
        <inverseTransformMatrix>mat4f 1.000000 0.000000 0.000000 0.000000 0.000000 1.000000 0.000000 0.000000 0.000000 0.000000 1.000000 0.000000 -0.769531 -2.035156 -0.364319 1.000000</inverseTransformMatrix>
    </bone>
    <bone boneName="rightKnee" parent="9">
        <transformMatrix>mat4f 1.000000 0.000000 0.000000 0.000000 0.000000 1.000000 0.000000 0.000000 0.000000 0.000000 1.000000 0.000000 -0.007813 -0.908203 0.000000 1.000000</transformMatrix>
        <inverseTransformMatrix>mat4f 1.000000 0.000000 0.000000 0.000000 0.000000 1.000000 0.000000 0.000000 0.000000 0.000000 1.000000 0.000000 -0.761718 -1.126953 -0.364319 1.000000</inverseTransformMatrix>
    </bone>
    <bone boneName="rightFoot" parent="10">
        <transformMatrix>mat4f 1.000000 0.000000 0.000000 0.000000 0.000000 1.000000 0.000000 0.000000 0.000000 0.000000 1.000000 0.000000 0.065920 -1.126953 0.039381 1.000000</transformMatrix>
        <inverseTransformMatrix>mat4f 1.000000 0.000000 0.000000 0.000000 0.000000 1.000000 0.000000 0.000000 0.000000 0.000000 1.000000 0.000000 -0.827638 0.000000 -0.403700 1.000000</inverseTransformMatrix>
    </bone>
    <bone boneName="rightToe" parent="11">
        <transformMatrix>mat4f 1.000000 0.000000 0.000000 0.000000 0.000000 1.000000 0.000000 0.000000 0.000000 0.000000 1.000000 0.000000 -0.016354 -0.013843 -0.742779 1.000000</transformMatrix>
        <inverseTransformMatrix>mat4f 1.000000 0.000000 0.000000 0.000000 0.000000 1.000000 0.000000 0.000000 0.000000 0.000000 1.000000 0.000000 -0.811284 0.013843 0.339079 1.000000</inverseTransformMatrix>
    </bone>
    <bone boneName="leftThigh" parent="1">
        <transformMatrix>mat4f 1.000000 0.000000 0.000000 0.000000 0.000000 1.000000 0.000000 0.000000 0.000000 0.000000 1.000000 0.000000 -0.675781 -0.054688 0.000000 1.000000</transformMatrix>
        <inverseTransformMatrix>mat4f 1.000000 0.000000 0.000000 0.000000 0.000000 1.000000 0.000000 0.000000 0.000000 0.000000 1.000000 0.000000 0.660156 -2.031249 -0.364319 1.000000</inverseTransformMatrix>
    </bone>
    <bone boneName="leftKnee" parent="13">
        <transformMatrix>mat4f 1.000000 0.000000 0.000000 0.000000 0.000000 1.000000 0.000000 0.000000 0.000000 0.000000 1.000000 0.000000 -0.011719 -0.974609 0.000000 1.000000</transformMatrix>
        <inverseTransformMatrix>mat4f 1.000000 0.000000 0.000000 0.000000 0.000000 1.000000 0.000000 0.000000 0.000000 0.000000 1.000000 0.000000 0.671875 -1.056640 -0.364319 1.000000</inverseTransformMatrix>
    </bone>
    <bone boneName="leftFoot" parent="14">
        <transformMatrix>mat4f 1.000000 0.000000 0.000000 0.000000 0.000000 1.000000 0.000000 0.000000 0.000000 0.000000 1.000000 0.000000 -0.035156 -1.000488 0.000000 1.000000</transformMatrix>
        <inverseTransformMatrix>mat4f 1.000000 0.000000 0.000000 0.000000 0.000000 1.000000 0.000000 0.000000 0.000000 0.000000 1.000000 0.000000 0.707031 -0.056152 -0.364319 1.000000</inverseTransformMatrix>
    </bone>
    <bone boneName="leftToe" parent="15">
        <transformMatrix>mat4f 1.000000 0.000000 0.000000 0.000000 0.000000 1.000000 0.000000 0.000000 0.000000 0.000000 1.000000 0.000000 -0.081007 -0.056152 -0.673039 1.000000</transformMatrix>
        <inverseTransformMatrix>mat4f 1.000000 0.000000 0.000000 0.000000 0.000000 1.000000 0.000000 0.000000 0.000000 0.000000 1.000000 0.000000 0.788038 0.000000 0.308720 1.000000</inverseTransformMatrix>
    </bone>
    <bone boneName="leftHand" parent="6">
        <transformMatrix>mat4f 1.000000 0.000000 0.000000 0.000000 0.000000 1.000000 0.000000 0.000000 0.000000 0.000000 1.000000 0.000000 -0.712681 -0.000388 -0.023379 1.000000</transformMatrix>
        <inverseTransformMatrix>mat4f 0.999980 0.006498 0.000639 0.000000 -0.006496 0.999980 0.000140 0.000000 -0.000653 -0.000003 1.000001 0.000000 2.313118 -3.918580 -0.343201 1.000001</inverseTransformMatrix>
    </bone>
    <bone boneName="rightHand" parent="8">
        <transformMatrix>mat4f 1.000000 0.000000 0.000000 0.000000 0.000000 1.000000 0.000000 0.000000 0.000000 0.000000 1.000000 0.000000 0.759992 -0.039842 0.118367 1.000000</transformMatrix>
        <inverseTransformMatrix>mat4f 0.999980 0.006498 0.000639 0.000000 -0.006496 0.999980 0.000140 0.000000 -0.000653 -0.000003 1.000001 0.000000 -2.440813 -3.818579 -0.484947 1.000001</inverseTransformMatrix>
    </bone>
</MSBPointSpriteMesh>
