<?xml version="1.0" ?>
<MovieSandbox>
    <Action name="talkOne">6Action
        <BASE>actor* -1</BASE>
        <BASEMATRIX>mat4f 1.000000 0.000000 0.000000 0.000000 0.000000 1.000000 0.000000 0.000000 0.000000 0.000000 1.000000 0.000000 1222.000000 218.000000 0.000000 1.000000</BASEMATRIX>
        <BASENODE>node* -1</BASENODE>
        <BCOMPUTELIGHT>bool 0</BCOMPUTELIGHT>
        <BHIDDEN>bool 0</BHIDDEN>
        <BLENDMODEONE>GLuint 770</BLENDMODEONE>
        <BLENDMODETWO>GLuint 771</BLENDMODETWO>
        <BLIGHT>bool 0</BLIGHT>
        <BRELATIVE>bool 0</BRELATIVE>
        <BSHADOWTEXTURED>bool 0</BSHADOWTEXTURED>
        <BSKELETAL>bool 1</BSKELETAL>
        <BTEXTURED>bool 1</BTEXTURED>
        <BUSESHADER>bool 1</BUSESHADER>
        <BUSETRANSFORMMATRIX>bool 1</BUSETRANSFORMMATRIX>
        <BUTTONPROPERTY>string NULL</BUTTONPROPERTY>
        <BZTEST>bool 1</BZTEST>
        <BZWRITE>bool 1</BZWRITE>
        <COLOR>vec4f 1.000000 1.000000 0.000000 1.000000</COLOR>
        <CUBESIZE>float 1.000000</CUBESIZE>
        <DRAWTYPE>int 0</DRAWTYPE>
        <GROUPID>string NULL</GROUPID>
        <LEVEL>int 1</LEVEL>
        <LOCATION>vec3f 1222.000000 218.000000 0.000000</LOCATION>
        <MENUTYPE>vector|string 10MoveButton|string 12RotateButton|string 13SetBaseButton</MENUTYPE>
        <MESH>string NULL</MESH>
        <NAME>string talkOne</NAME>
        <ORIENTATION>vec3f 0.000000 0.000000 1.000000</ORIENTATION>
        <PARENT>actor* -1</PARENT>
        <PARTICLEANGLESCALE>float 0.000000</PARTICLEANGLESCALE>
        <PARTICLESCALE>float 10.000000</PARTICLESCALE>
        <PIVOTLOCATION>vec3f 0.000000 0.000000 0.000000</PIVOTLOCATION>
        <RENDERLAYER>int 0</RENDERLAYER>
        <ROTATION>vec3f -0.000000 0.000000 0.000000</ROTATION>
        <SCALE>vec3f 64.000000 64.000000 30.000000</SCALE>
        <SCENESHADERID>string texture</SCENESHADERID>
        <TEXROTATION>vec3f 0.000000 0.000000 0.000000</TEXROTATION>
        <TEXSCALE>vec3f 1.000000 1.000000 1.000000</TEXSCALE>
        <TEXTIMER>float 615005.000000</TEXTIMER>
        <TEXTRANSLATION>vec3f 0.000000 0.000000 0.000000</TEXTRANSLATION>
        <TEXTUREID>string icon_base</TEXTUREID>
        <TIMESCALE>double 1.000000</TIMESCALE>
        <TRANSFORMMATRIX>mat4f 1.000000 0.000000 0.000000 0.000000 0.000000 1.000000 0.000000 0.000000 0.000000 0.000000 1.000000 0.000000 1222.000000 218.000000 0.000000 1.000000</TRANSFORMMATRIX>
        <VBOMESHID>string NULL</VBOMESHID>
        <KEYFRAME>
            <LOCATIONKEY>vec3f 0.000000 0.000000 0.000000</LOCATIONKEY>
            <ROTATIONKEY>vec3f 0.000000 0.000000 0.000000</ROTATIONKEY>
            <TIMEKEY>float 20.000000</TIMEKEY>
            <BONEMATRIX name="head">mat4f 0.988948 0.002281 -0.148242 0.000000 -0.000024 0.999884 0.015227 0.000000 0.148260 -0.015055 0.988834 0.000000 0.000000 0.000000 0.000000 1.000000</BONEMATRIX>
            <BONEMATRIX name="leftElbow">mat4f 0.872143 0.371097 0.318832 0.000000 -0.161837 0.834487 -0.526726 0.000000 -0.464799 0.402688 0.788546 0.000000 0.000000 0.000000 0.000000 1.000000</BONEMATRIX>
            <BONEMATRIX name="leftFoot">mat4f 1.000000 0.000000 0.000000 0.000000 0.000000 1.000000 0.000000 0.000000 0.000000 0.000000 1.000000 0.000000 0.000000 0.000000 0.000000 1.000000</BONEMATRIX>
            <BONEMATRIX name="leftHand">mat4f 1.000000 0.000000 0.000000 0.000000 0.000000 1.000000 0.000000 0.000000 0.000000 0.000000 1.000000 0.000000 0.000000 0.000000 0.000000 1.000000</BONEMATRIX>
            <BONEMATRIX name="leftKnee">mat4f 1.000000 0.000000 0.000000 0.000000 0.000000 1.000000 0.000000 0.000000 0.000000 0.000000 1.000000 0.000000 0.000000 0.000000 0.000000 1.000000</BONEMATRIX>
            <BONEMATRIX name="leftShoulder">mat4f 0.502849 0.863806 -0.031345 0.000000 -0.864294 0.497012 0.077296 0.000000 0.030996 -0.049569 0.998290 0.000000 0.000000 0.000000 0.000000 1.000000</BONEMATRIX>
            <BONEMATRIX name="leftThigh">mat4f 1.000000 0.000000 0.000000 0.000000 0.000000 1.000000 0.000000 0.000000 0.000000 0.000000 1.000000 0.000000 0.000000 0.000000 0.000000 1.000000</BONEMATRIX>
            <BONEMATRIX name="leftToe">mat4f 1.000000 0.000000 0.000000 0.000000 0.000000 1.000000 0.000000 0.000000 0.000000 0.000000 1.000000 0.000000 0.000000 0.000000 0.000000 1.000000</BONEMATRIX>
            <BONEMATRIX name="neck">mat4f 1.000000 0.000000 0.000000 0.000000 0.000000 1.000000 0.000000 0.000000 0.000000 0.000000 1.000000 0.000000 0.000000 0.000000 0.000000 1.000000</BONEMATRIX>
            <BONEMATRIX name="pelvis">mat4f 1.000000 0.000000 0.000000 0.000000 0.000000 1.000000 0.000000 0.000000 0.000000 0.000000 1.000000 0.000000 0.000000 0.000000 0.000000 1.000000</BONEMATRIX>
            <BONEMATRIX name="rightElbow">mat4f 0.707209 -0.372318 -0.601028 0.000000 0.277855 0.927762 -0.249109 0.000000 0.646855 0.004724 0.762599 0.000000 0.000000 0.000000 0.000000 1.000000</BONEMATRIX>
            <BONEMATRIX name="rightFoot">mat4f 1.000000 0.000000 0.000000 0.000000 0.000000 1.000000 0.000000 0.000000 0.000000 0.000000 1.000000 0.000000 0.000000 0.000000 0.000000 1.000000</BONEMATRIX>
            <BONEMATRIX name="rightHand">mat4f 1.000000 0.000000 0.000000 0.000000 0.000000 1.000000 0.000000 0.000000 0.000000 0.000000 1.000000 0.000000 0.000000 0.000000 0.000000 1.000000</BONEMATRIX>
            <BONEMATRIX name="rightKnee">mat4f 1.000000 0.000000 0.000000 0.000000 0.000000 1.000000 0.000000 0.000000 0.000000 0.000000 1.000000 0.000000 0.000000 0.000000 0.000000 1.000000</BONEMATRIX>
            <BONEMATRIX name="rightShoulder">mat4f 0.405293 -0.913757 -0.028045 0.000000 0.911010 0.407592 -0.062678 0.000000 0.068704 0.000000 0.997637 0.000000 0.000000 0.000000 0.000000 1.000000</BONEMATRIX>
            <BONEMATRIX name="rightThigh">mat4f 1.000000 0.000000 0.000000 0.000000 0.000000 1.000000 0.000000 0.000000 0.000000 0.000000 1.000000 0.000000 0.000000 0.000000 0.000000 1.000000</BONEMATRIX>
            <BONEMATRIX name="rightToe">mat4f 1.000000 0.000000 0.000000 0.000000 0.000000 1.000000 0.000000 0.000000 0.000000 0.000000 1.000000 0.000000 0.000000 0.000000 0.000000 1.000000</BONEMATRIX>
            <BONEMATRIX name="skelBase">mat4f 1.000000 0.000000 0.000000 0.000000 0.000000 1.000000 0.000000 0.000000 0.000000 0.000000 1.000000 0.000000 0.000000 0.000000 0.000000 1.000000</BONEMATRIX>
            <BONEMATRIX name="spine">mat4f 0.999578 -0.028914 -0.002843 0.000000 0.028906 0.999582 -0.000646 0.000000 0.002907 0.000000 0.999996 0.000000 0.000000 0.000000 0.000000 1.000000</BONEMATRIX>
        </KEYFRAME>
        <KEYFRAME>
            <LOCATIONKEY>vec3f 0.000000 0.000000 0.000000</LOCATIONKEY>
            <ROTATIONKEY>vec3f 0.000000 0.000000 0.000000</ROTATIONKEY>
            <TIMEKEY>float 550.000000</TIMEKEY>
            <BONEMATRIX name="head">mat4f 0.988948 0.002281 -0.148242 0.000000 -0.000024 0.999884 0.015227 0.000000 0.148260 -0.015055 0.988834 0.000000 0.000000 0.000000 0.000000 1.000000</BONEMATRIX>
            <BONEMATRIX name="leftElbow">mat4f 0.858243 0.444514 0.256566 0.000000 -0.470872 0.880691 0.051593 0.000000 -0.204972 -0.170694 0.963769 0.000000 0.000000 0.000000 0.000000 1.000000</BONEMATRIX>
            <BONEMATRIX name="leftFoot">mat4f 1.000000 0.000000 0.000000 0.000000 0.000000 1.000000 0.000000 0.000000 0.000000 0.000000 1.000000 0.000000 0.000000 0.000000 0.000000 1.000000</BONEMATRIX>
            <BONEMATRIX name="leftHand">mat4f 1.000000 0.000000 0.000000 0.000000 0.000000 1.000000 0.000000 0.000000 0.000000 0.000000 1.000000 0.000000 0.000000 0.000000 0.000000 1.000000</BONEMATRIX>
            <BONEMATRIX name="leftKnee">mat4f 1.000000 0.000000 0.000000 0.000000 0.000000 1.000000 0.000000 0.000000 0.000000 0.000000 1.000000 0.000000 0.000000 0.000000 0.000000 1.000000</BONEMATRIX>
            <BONEMATRIX name="leftShoulder">mat4f 0.606333 0.513238 0.607411 0.000000 -0.682473 -0.069821 0.727565 0.000000 0.362367 -0.885674 0.290289 0.000000 0.000000 0.000000 0.000000 1.000000</BONEMATRIX>
            <BONEMATRIX name="leftThigh">mat4f 1.000000 0.000000 0.000000 0.000000 0.000000 1.000000 0.000000 0.000000 0.000000 0.000000 1.000000 0.000000 0.000000 0.000000 0.000000 1.000000</BONEMATRIX>
            <BONEMATRIX name="leftToe">mat4f 1.000000 0.000000 0.000000 0.000000 0.000000 1.000000 0.000000 0.000000 0.000000 0.000000 1.000000 0.000000 0.000000 0.000000 0.000000 1.000000</BONEMATRIX>
            <BONEMATRIX name="neck">mat4f 1.000000 0.000000 0.000000 0.000000 0.000000 1.000000 0.000000 0.000000 0.000000 0.000000 1.000000 0.000000 0.000000 0.000000 0.000000 1.000000</BONEMATRIX>
            <BONEMATRIX name="pelvis">mat4f 1.000000 0.000000 0.000000 0.000000 0.000000 1.000000 0.000000 0.000000 0.000000 0.000000 1.000000 0.000000 0.000000 0.000000 0.000000 1.000000</BONEMATRIX>
            <BONEMATRIX name="rightElbow">mat4f 0.866753 -0.353252 -0.352067 0.000000 0.277854 0.927762 -0.249109 0.000000 0.410714 0.113590 0.904661 0.000000 0.000000 0.000000 0.000000 1.000000</BONEMATRIX>
            <BONEMATRIX name="rightFoot">mat4f 1.000000 0.000000 0.000000 0.000000 0.000000 1.000000 0.000000 0.000000 0.000000 0.000000 1.000000 0.000000 0.000000 0.000000 0.000000 1.000000</BONEMATRIX>
            <BONEMATRIX name="rightHand">mat4f 1.000000 0.000000 0.000000 0.000000 0.000000 1.000000 0.000000 0.000000 0.000000 0.000000 1.000000 0.000000 0.000000 0.000000 0.000000 1.000000</BONEMATRIX>
            <BONEMATRIX name="rightKnee">mat4f 1.000000 0.000000 0.000000 0.000000 0.000000 1.000000 0.000000 0.000000 0.000000 0.000000 1.000000 0.000000 0.000000 0.000000 0.000000 1.000000</BONEMATRIX>
            <BONEMATRIX name="rightShoulder">mat4f 0.461095 -0.297211 -0.836098 0.000000 0.885572 0.201688 0.418427 0.000000 0.044262 -0.933310 0.356336 0.000000 0.000000 0.000000 0.000000 1.000000</BONEMATRIX>
            <BONEMATRIX name="rightThigh">mat4f 1.000000 0.000000 0.000000 0.000000 0.000000 1.000000 0.000000 0.000000 0.000000 0.000000 1.000000 0.000000 0.000000 0.000000 0.000000 1.000000</BONEMATRIX>
            <BONEMATRIX name="rightToe">mat4f 1.000000 0.000000 0.000000 0.000000 0.000000 1.000000 0.000000 0.000000 0.000000 0.000000 1.000000 0.000000 0.000000 0.000000 0.000000 1.000000</BONEMATRIX>
            <BONEMATRIX name="skelBase">mat4f 1.000000 0.000000 0.000000 0.000000 0.000000 1.000000 0.000000 0.000000 0.000000 0.000000 1.000000 0.000000 0.000000 0.000000 0.000000 1.000000</BONEMATRIX>
            <BONEMATRIX name="spine">mat4f 0.999138 -0.030221 0.028494 0.000000 0.032664 0.995423 -0.089819 0.000000 -0.025605 0.090110 0.995603 0.000000 0.000000 0.000000 0.000000 1.000000</BONEMATRIX>
        </KEYFRAME>
        <KEYFRAME>
            <LOCATIONKEY>vec3f 0.000000 0.000000 0.000000</LOCATIONKEY>
            <ROTATIONKEY>vec3f 0.000000 0.000000 0.000000</ROTATIONKEY>
            <TIMEKEY>float 1480.000000</TIMEKEY>
            <BONEMATRIX name="head">mat4f 0.988948 0.002281 -0.148242 0.000000 -0.000024 0.999884 0.015227 0.000000 0.148260 -0.015055 0.988834 0.000000 0.000000 0.000000 0.000000 1.000000</BONEMATRIX>
            <BONEMATRIX name="leftElbow">mat4f 0.268298 0.387454 0.881983 0.000000 -0.375943 0.885250 -0.273855 0.000000 -0.886543 -0.263464 0.380298 0.000000 0.000000 0.000000 0.000000 1.000000</BONEMATRIX>
            <BONEMATRIX name="leftFoot">mat4f 1.000000 0.000000 0.000000 0.000000 0.000000 1.000000 0.000000 0.000000 0.000000 0.000000 1.000000 0.000000 0.000000 0.000000 0.000000 1.000000</BONEMATRIX>
            <BONEMATRIX name="leftHand">mat4f 1.000000 0.000000 0.000000 0.000000 0.000000 1.000000 0.000000 0.000000 0.000000 0.000000 1.000000 0.000000 0.000000 0.000000 0.000000 1.000000</BONEMATRIX>
            <BONEMATRIX name="leftKnee">mat4f 1.000000 0.000000 0.000000 0.000000 0.000000 1.000000 0.000000 0.000000 0.000000 0.000000 1.000000 0.000000 0.000000 0.000000 0.000000 1.000000</BONEMATRIX>
            <BONEMATRIX name="leftShoulder">mat4f 0.138397 0.071533 0.987789 0.000000 -0.864293 0.497012 0.077296 0.000000 -0.514370 -0.854309 0.074688 0.000000 0.000000 0.000000 0.000000 1.000000</BONEMATRIX>
            <BONEMATRIX name="leftThigh">mat4f 1.000000 0.000000 0.000000 0.000000 0.000000 1.000000 0.000000 0.000000 0.000000 0.000000 1.000000 0.000000 0.000000 0.000000 0.000000 1.000000</BONEMATRIX>
            <BONEMATRIX name="leftToe">mat4f 1.000000 0.000000 0.000000 0.000000 0.000000 1.000000 0.000000 0.000000 0.000000 0.000000 1.000000 0.000000 0.000000 0.000000 0.000000 1.000000</BONEMATRIX>
            <BONEMATRIX name="neck">mat4f 1.000000 0.000000 0.000000 0.000000 0.000000 1.000000 0.000000 0.000000 0.000000 0.000000 1.000000 0.000000 0.000000 0.000000 0.000000 1.000000</BONEMATRIX>
            <BONEMATRIX name="pelvis">mat4f 1.000000 0.000000 0.000000 0.000000 0.000000 1.000000 0.000000 0.000000 0.000000 0.000000 1.000000 0.000000 0.000000 0.000000 0.000000 1.000000</BONEMATRIX>
            <BONEMATRIX name="rightElbow">mat4f 0.866753 -0.353252 -0.352067 0.000000 0.277854 0.927762 -0.249109 0.000000 0.410714 0.113590 0.904661 0.000000 0.000000 0.000000 0.000000 1.000000</BONEMATRIX>
            <BONEMATRIX name="rightFoot">mat4f 1.000000 0.000000 0.000000 0.000000 0.000000 1.000000 0.000000 0.000000 0.000000 0.000000 1.000000 0.000000 0.000000 0.000000 0.000000 1.000000</BONEMATRIX>
            <BONEMATRIX name="rightHand">mat4f 1.000000 0.000000 0.000000 0.000000 0.000000 1.000000 0.000000 0.000000 0.000000 0.000000 1.000000 0.000000 0.000000 0.000000 0.000000 1.000000</BONEMATRIX>
            <BONEMATRIX name="rightKnee">mat4f 1.000000 0.000000 0.000000 0.000000 0.000000 1.000000 0.000000 0.000000 0.000000 0.000000 1.000000 0.000000 0.000000 0.000000 0.000000 1.000000</BONEMATRIX>
            <BONEMATRIX name="rightShoulder">mat4f 0.045285 -0.253386 -0.966306 0.000000 0.911010 0.407592 -0.062678 0.000000 0.409789 -0.877419 0.249420 0.000000 0.000000 0.000000 0.000000 1.000000</BONEMATRIX>
            <BONEMATRIX name="rightThigh">mat4f 1.000000 0.000000 0.000000 0.000000 0.000000 1.000000 0.000000 0.000000 0.000000 0.000000 1.000000 0.000000 0.000000 0.000000 0.000000 1.000000</BONEMATRIX>
            <BONEMATRIX name="rightToe">mat4f 1.000000 0.000000 0.000000 0.000000 0.000000 1.000000 0.000000 0.000000 0.000000 0.000000 1.000000 0.000000 0.000000 0.000000 0.000000 1.000000</BONEMATRIX>
            <BONEMATRIX name="skelBase">mat4f 1.000000 0.000000 0.000000 0.000000 0.000000 1.000000 0.000000 0.000000 0.000000 0.000000 1.000000 0.000000 0.000000 0.000000 0.000000 1.000000</BONEMATRIX>
            <BONEMATRIX name="spine">mat4f 0.999492 0.025325 0.019409 0.000000 -0.026209 0.998580 0.046392 0.000000 -0.018129 -0.047437 0.998710 0.000000 0.000000 0.000000 0.000000 1.000000</BONEMATRIX>
        </KEYFRAME>
        <KEYFRAME>
            <LOCATIONKEY>vec3f 0.000000 0.000000 0.000000</LOCATIONKEY>
            <ROTATIONKEY>vec3f 0.000000 0.000000 0.000000</ROTATIONKEY>
            <TIMEKEY>float 1940.000000</TIMEKEY>
            <BONEMATRIX name="head">mat4f 0.988948 0.002281 -0.148242 0.000000 -0.000024 0.999884 0.015227 0.000000 0.148260 -0.015055 0.988834 0.000000 0.000000 0.000000 0.000000 1.000000</BONEMATRIX>
            <BONEMATRIX name="leftElbow">mat4f 0.858243 0.444514 0.256566 0.000000 -0.470872 0.880691 0.051593 0.000000 -0.204972 -0.170694 0.963769 0.000000 0.000000 0.000000 0.000000 1.000000</BONEMATRIX>
            <BONEMATRIX name="leftFoot">mat4f 1.000000 0.000000 0.000000 0.000000 0.000000 1.000000 0.000000 0.000000 0.000000 0.000000 1.000000 0.000000 0.000000 0.000000 0.000000 1.000000</BONEMATRIX>
            <BONEMATRIX name="leftHand">mat4f 1.000000 0.000000 0.000000 0.000000 0.000000 1.000000 0.000000 0.000000 0.000000 0.000000 1.000000 0.000000 0.000000 0.000000 0.000000 1.000000</BONEMATRIX>
            <BONEMATRIX name="leftKnee">mat4f 1.000000 0.000000 0.000000 0.000000 0.000000 1.000000 0.000000 0.000000 0.000000 0.000000 1.000000 0.000000 0.000000 0.000000 0.000000 1.000000</BONEMATRIX>
            <BONEMATRIX name="leftShoulder">mat4f -0.060523 -0.060672 0.996321 0.000000 -0.949904 -0.301094 -0.083777 0.000000 0.283967 -0.953649 -0.099561 0.000000 0.000000 0.000000 0.000000 1.000000</BONEMATRIX>
            <BONEMATRIX name="leftThigh">mat4f 1.000000 0.000000 0.000000 0.000000 0.000000 1.000000 0.000000 0.000000 0.000000 0.000000 1.000000 0.000000 0.000000 0.000000 0.000000 1.000000</BONEMATRIX>
            <BONEMATRIX name="leftToe">mat4f 1.000000 0.000000 0.000000 0.000000 0.000000 1.000000 0.000000 0.000000 0.000000 0.000000 1.000000 0.000000 0.000000 0.000000 0.000000 1.000000</BONEMATRIX>
            <BONEMATRIX name="neck">mat4f 1.000000 0.000000 0.000000 0.000000 0.000000 1.000000 0.000000 0.000000 0.000000 0.000000 1.000000 0.000000 0.000000 0.000000 0.000000 1.000000</BONEMATRIX>
            <BONEMATRIX name="pelvis">mat4f 1.000000 0.000000 0.000000 0.000000 0.000000 1.000000 0.000000 0.000000 0.000000 0.000000 1.000000 0.000000 0.000000 0.000000 0.000000 1.000000</BONEMATRIX>
            <BONEMATRIX name="rightElbow">mat4f 0.866753 -0.353252 -0.352067 0.000000 0.277854 0.927762 -0.249109 0.000000 0.410714 0.113590 0.904661 0.000000 0.000000 0.000000 0.000000 1.000000</BONEMATRIX>
            <BONEMATRIX name="rightFoot">mat4f 1.000000 0.000000 0.000000 0.000000 0.000000 1.000000 0.000000 0.000000 0.000000 0.000000 1.000000 0.000000 0.000000 0.000000 0.000000 1.000000</BONEMATRIX>
            <BONEMATRIX name="rightHand">mat4f 1.000000 0.000000 0.000000 0.000000 0.000000 1.000000 0.000000 0.000000 0.000000 0.000000 1.000000 0.000000 0.000000 0.000000 0.000000 1.000000</BONEMATRIX>
            <BONEMATRIX name="rightKnee">mat4f 1.000000 0.000000 0.000000 0.000000 0.000000 1.000000 0.000000 0.000000 0.000000 0.000000 1.000000 0.000000 0.000000 0.000000 0.000000 1.000000</BONEMATRIX>
            <BONEMATRIX name="rightShoulder">mat4f 0.354159 -0.274830 -0.893891 0.000000 0.934499 0.122586 0.334188 0.000000 0.017743 -0.953655 0.300383 0.000000 0.000000 0.000000 0.000000 1.000000</BONEMATRIX>
            <BONEMATRIX name="rightThigh">mat4f 1.000000 0.000000 0.000000 0.000000 0.000000 1.000000 0.000000 0.000000 0.000000 0.000000 1.000000 0.000000 0.000000 0.000000 0.000000 1.000000</BONEMATRIX>
            <BONEMATRIX name="rightToe">mat4f 1.000000 0.000000 0.000000 0.000000 0.000000 1.000000 0.000000 0.000000 0.000000 0.000000 1.000000 0.000000 0.000000 0.000000 0.000000 1.000000</BONEMATRIX>
            <BONEMATRIX name="skelBase">mat4f 1.000000 0.000000 0.000000 0.000000 0.000000 1.000000 0.000000 0.000000 0.000000 0.000000 1.000000 0.000000 0.000000 0.000000 0.000000 1.000000</BONEMATRIX>
            <BONEMATRIX name="spine">mat4f 0.985382 -0.101537 0.136794 0.000000 0.114075 0.989639 -0.087201 0.000000 -0.126525 0.100969 0.986812 0.000000 0.000000 0.000000 0.000000 1.000000</BONEMATRIX>
        </KEYFRAME>
        <KEYFRAME>
            <LOCATIONKEY>vec3f 0.000000 0.000000 0.000000</LOCATIONKEY>
            <ROTATIONKEY>vec3f 0.000000 0.000000 0.000000</ROTATIONKEY>
            <TIMEKEY>float 2410.000000</TIMEKEY>
            <BONEMATRIX name="head">mat4f 0.988948 0.002281 -0.148242 0.000000 -0.000024 0.999884 0.015227 0.000000 0.148260 -0.015055 0.988834 0.000000 0.000000 0.000000 0.000000 1.000000</BONEMATRIX>
            <BONEMATRIX name="leftElbow">mat4f 0.830101 0.453544 0.324391 0.000000 -0.375943 0.885251 -0.273855 0.000000 -0.413581 0.099707 0.904991 0.000000 0.000000 0.000000 0.000000 1.000000</BONEMATRIX>
            <BONEMATRIX name="leftFoot">mat4f 1.000000 0.000000 0.000000 0.000000 0.000000 1.000000 0.000000 0.000000 0.000000 0.000000 1.000000 0.000000 0.000000 0.000000 0.000000 1.000000</BONEMATRIX>
            <BONEMATRIX name="leftHand">mat4f 1.000000 0.000000 0.000000 0.000000 0.000000 1.000000 0.000000 0.000000 0.000000 0.000000 1.000000 0.000000 0.000000 0.000000 0.000000 1.000000</BONEMATRIX>
            <BONEMATRIX name="leftKnee">mat4f 1.000000 0.000000 0.000000 0.000000 0.000000 1.000000 0.000000 0.000000 0.000000 0.000000 1.000000 0.000000 0.000000 0.000000 0.000000 1.000000</BONEMATRIX>
            <BONEMATRIX name="leftShoulder">mat4f 0.138397 0.071533 0.987789 0.000000 -0.864293 0.497012 0.077296 0.000000 -0.514370 -0.854309 0.074688 0.000000 0.000000 0.000000 0.000000 1.000000</BONEMATRIX>
            <BONEMATRIX name="leftThigh">mat4f 1.000000 0.000000 0.000000 0.000000 0.000000 1.000000 0.000000 0.000000 0.000000 0.000000 1.000000 0.000000 0.000000 0.000000 0.000000 1.000000</BONEMATRIX>
            <BONEMATRIX name="leftToe">mat4f 1.000000 0.000000 0.000000 0.000000 0.000000 1.000000 0.000000 0.000000 0.000000 0.000000 1.000000 0.000000 0.000000 0.000000 0.000000 1.000000</BONEMATRIX>
            <BONEMATRIX name="neck">mat4f 1.000000 0.000000 0.000000 0.000000 0.000000 1.000000 0.000000 0.000000 0.000000 0.000000 1.000000 0.000000 0.000000 0.000000 0.000000 1.000000</BONEMATRIX>
            <BONEMATRIX name="pelvis">mat4f 1.000000 0.000000 0.000000 0.000000 0.000000 1.000000 0.000000 0.000000 0.000000 0.000000 1.000000 0.000000 0.000000 0.000000 0.000000 1.000000</BONEMATRIX>
            <BONEMATRIX name="rightElbow">mat4f 0.866753 -0.353252 -0.352067 0.000000 0.277854 0.927762 -0.249109 0.000000 0.410714 0.113590 0.904661 0.000000 0.000000 0.000000 0.000000 1.000000</BONEMATRIX>
            <BONEMATRIX name="rightFoot">mat4f 1.000000 0.000000 0.000000 0.000000 0.000000 1.000000 0.000000 0.000000 0.000000 0.000000 1.000000 0.000000 0.000000 0.000000 0.000000 1.000000</BONEMATRIX>
            <BONEMATRIX name="rightHand">mat4f 1.000000 0.000000 0.000000 0.000000 0.000000 1.000000 0.000000 0.000000 0.000000 0.000000 1.000000 0.000000 0.000000 0.000000 0.000000 1.000000</BONEMATRIX>
            <BONEMATRIX name="rightKnee">mat4f 1.000000 0.000000 0.000000 0.000000 0.000000 1.000000 0.000000 0.000000 0.000000 0.000000 1.000000 0.000000 0.000000 0.000000 0.000000 1.000000</BONEMATRIX>
            <BONEMATRIX name="rightShoulder">mat4f 0.045285 -0.253386 -0.966306 0.000000 0.911010 0.407592 -0.062678 0.000000 0.409789 -0.877419 0.249420 0.000000 0.000000 0.000000 0.000000 1.000000</BONEMATRIX>
            <BONEMATRIX name="rightThigh">mat4f 1.000000 0.000000 0.000000 0.000000 0.000000 1.000000 0.000000 0.000000 0.000000 0.000000 1.000000 0.000000 0.000000 0.000000 0.000000 1.000000</BONEMATRIX>
            <BONEMATRIX name="rightToe">mat4f 1.000000 0.000000 0.000000 0.000000 0.000000 1.000000 0.000000 0.000000 0.000000 0.000000 1.000000 0.000000 0.000000 0.000000 0.000000 1.000000</BONEMATRIX>
            <BONEMATRIX name="skelBase">mat4f 1.000000 0.000000 0.000000 0.000000 0.000000 1.000000 0.000000 0.000000 0.000000 0.000000 1.000000 0.000000 0.000000 0.000000 0.000000 1.000000</BONEMATRIX>
            <BONEMATRIX name="spine">mat4f 0.999286 -0.025356 0.028057 0.000000 0.031110 0.972932 -0.228993 0.000000 -0.021446 0.229154 0.973154 0.000000 0.000000 0.000000 0.000000 1.000000</BONEMATRIX>
        </KEYFRAME>
        <KEYFRAME>
            <LOCATIONKEY>vec3f 0.000000 0.000000 0.000000</LOCATIONKEY>
            <ROTATIONKEY>vec3f 0.000000 0.000000 0.000000</ROTATIONKEY>
            <TIMEKEY>float 2930.000000</TIMEKEY>
            <BONEMATRIX name="head">mat4f 0.988948 0.002281 -0.148242 0.000000 -0.000024 0.999884 0.015227 0.000000 0.148260 -0.015055 0.988834 0.000000 0.000000 0.000000 0.000000 1.000000</BONEMATRIX>
            <BONEMATRIX name="leftElbow">mat4f 0.858243 0.444514 0.256566 0.000000 -0.470872 0.880691 0.051593 0.000000 -0.204972 -0.170694 0.963769 0.000000 0.000000 0.000000 0.000000 1.000000</BONEMATRIX>
            <BONEMATRIX name="leftFoot">mat4f 1.000000 0.000000 0.000000 0.000000 0.000000 1.000000 0.000000 0.000000 0.000000 0.000000 1.000000 0.000000 0.000000 0.000000 0.000000 1.000000</BONEMATRIX>
            <BONEMATRIX name="leftHand">mat4f 1.000000 0.000000 0.000000 0.000000 0.000000 1.000000 0.000000 0.000000 0.000000 0.000000 1.000000 0.000000 0.000000 0.000000 0.000000 1.000000</BONEMATRIX>
            <BONEMATRIX name="leftKnee">mat4f 1.000000 0.000000 0.000000 0.000000 0.000000 1.000000 0.000000 0.000000 0.000000 0.000000 1.000000 0.000000 0.000000 0.000000 0.000000 1.000000</BONEMATRIX>
            <BONEMATRIX name="leftShoulder">mat4f 0.606333 0.513238 0.607411 0.000000 -0.682473 -0.069821 0.727565 0.000000 0.362367 -0.885674 0.290289 0.000000 0.000000 0.000000 0.000000 1.000000</BONEMATRIX>
            <BONEMATRIX name="leftThigh">mat4f 1.000000 0.000000 0.000000 0.000000 0.000000 1.000000 0.000000 0.000000 0.000000 0.000000 1.000000 0.000000 0.000000 0.000000 0.000000 1.000000</BONEMATRIX>
            <BONEMATRIX name="leftToe">mat4f 1.000000 0.000000 0.000000 0.000000 0.000000 1.000000 0.000000 0.000000 0.000000 0.000000 1.000000 0.000000 0.000000 0.000000 0.000000 1.000000</BONEMATRIX>
            <BONEMATRIX name="neck">mat4f 0.981893 -0.189438 0.000000 0.000000 0.189438 0.981893 0.000000 0.000000 0.000000 0.000000 1.000000 0.000000 0.000000 0.000000 0.000000 1.000000</BONEMATRIX>
            <BONEMATRIX name="pelvis">mat4f 1.000000 0.000000 0.000000 0.000000 0.000000 1.000000 0.000000 0.000000 0.000000 0.000000 1.000000 0.000000 0.000000 0.000000 0.000000 1.000000</BONEMATRIX>
            <BONEMATRIX name="rightElbow">mat4f 0.866753 -0.353252 -0.352067 0.000000 0.277854 0.927762 -0.249109 0.000000 0.410714 0.113590 0.904661 0.000000 0.000000 0.000000 0.000000 1.000000</BONEMATRIX>
            <BONEMATRIX name="rightFoot">mat4f 1.000000 0.000000 0.000000 0.000000 0.000000 1.000000 0.000000 0.000000 0.000000 0.000000 1.000000 0.000000 0.000000 0.000000 0.000000 1.000000</BONEMATRIX>
            <BONEMATRIX name="rightHand">mat4f 1.000000 0.000000 0.000000 0.000000 0.000000 1.000000 0.000000 0.000000 0.000000 0.000000 1.000000 0.000000 0.000000 0.000000 0.000000 1.000000</BONEMATRIX>
            <BONEMATRIX name="rightKnee">mat4f 1.000000 0.000000 0.000000 0.000000 0.000000 1.000000 0.000000 0.000000 0.000000 0.000000 1.000000 0.000000 0.000000 0.000000 0.000000 1.000000</BONEMATRIX>
            <BONEMATRIX name="rightShoulder">mat4f 0.461095 -0.297211 -0.836098 0.000000 0.885572 0.201688 0.418427 0.000000 0.044262 -0.933310 0.356336 0.000000 0.000000 0.000000 0.000000 1.000000</BONEMATRIX>
            <BONEMATRIX name="rightThigh">mat4f 1.000000 0.000000 0.000000 0.000000 0.000000 1.000000 0.000000 0.000000 0.000000 0.000000 1.000000 0.000000 0.000000 0.000000 0.000000 1.000000</BONEMATRIX>
            <BONEMATRIX name="rightToe">mat4f 1.000000 0.000000 0.000000 0.000000 0.000000 1.000000 0.000000 0.000000 0.000000 0.000000 1.000000 0.000000 0.000000 0.000000 0.000000 1.000000</BONEMATRIX>
            <BONEMATRIX name="skelBase">mat4f 1.000000 0.000000 0.000000 0.000000 0.000000 1.000000 0.000000 0.000000 0.000000 0.000000 1.000000 0.000000 0.000000 0.000000 0.000000 1.000000</BONEMATRIX>
            <BONEMATRIX name="spine">mat4f 0.999304 -0.025386 0.027360 0.000000 0.026513 0.998770 -0.041914 0.000000 -0.026215 0.042047 0.998772 0.000000 0.000000 0.000000 0.000000 1.000000</BONEMATRIX>
        </KEYFRAME>
        <KEYFRAME>
            <LOCATIONKEY>vec3f 0.000000 0.000000 0.000000</LOCATIONKEY>
            <ROTATIONKEY>vec3f 0.000000 0.000000 0.000000</ROTATIONKEY>
            <TIMEKEY>float 3660.000000</TIMEKEY>
            <BONEMATRIX name="head">mat4f 0.988948 0.002281 -0.148242 0.000000 -0.000024 0.999884 0.015227 0.000000 0.148260 -0.015055 0.988834 0.000000 0.000000 0.000000 0.000000 1.000000</BONEMATRIX>
            <BONEMATRIX name="leftElbow">mat4f 0.858243 0.444514 0.256566 0.000000 -0.470872 0.880691 0.051593 0.000000 -0.204972 -0.170694 0.963769 0.000000 0.000000 0.000000 0.000000 1.000000</BONEMATRIX>
            <BONEMATRIX name="leftFoot">mat4f 1.000000 0.000000 0.000000 0.000000 0.000000 1.000000 0.000000 0.000000 0.000000 0.000000 1.000000 0.000000 0.000000 0.000000 0.000000 1.000000</BONEMATRIX>
            <BONEMATRIX name="leftHand">mat4f 1.000000 0.000000 0.000000 0.000000 0.000000 1.000000 0.000000 0.000000 0.000000 0.000000 1.000000 0.000000 0.000000 0.000000 0.000000 1.000000</BONEMATRIX>
            <BONEMATRIX name="leftKnee">mat4f 1.000000 0.000000 0.000000 0.000000 0.000000 1.000000 0.000000 0.000000 0.000000 0.000000 1.000000 0.000000 0.000000 0.000000 0.000000 1.000000</BONEMATRIX>
            <BONEMATRIX name="leftShoulder">mat4f 0.290733 0.445617 0.846699 0.000000 -0.951881 0.238817 0.192054 0.000000 -0.157419 -0.880020 0.448089 0.000000 0.000000 0.000000 0.000000 1.000000</BONEMATRIX>
            <BONEMATRIX name="leftThigh">mat4f 1.000000 0.000000 0.000000 0.000000 0.000000 1.000000 0.000000 0.000000 0.000000 0.000000 1.000000 0.000000 0.000000 0.000000 0.000000 1.000000</BONEMATRIX>
            <BONEMATRIX name="leftToe">mat4f 1.000000 0.000000 0.000000 0.000000 0.000000 1.000000 0.000000 0.000000 0.000000 0.000000 1.000000 0.000000 0.000000 0.000000 0.000000 1.000000</BONEMATRIX>
            <BONEMATRIX name="neck">mat4f 0.988945 0.148155 -0.006214 0.000000 -0.148152 0.988964 0.000931 0.000000 0.006283 0.000000 0.999980 0.000000 0.000000 0.000000 0.000000 1.000000</BONEMATRIX>
            <BONEMATRIX name="pelvis">mat4f 1.000000 0.000000 0.000000 0.000000 0.000000 1.000000 0.000000 0.000000 0.000000 0.000000 1.000000 0.000000 0.000000 0.000000 0.000000 1.000000</BONEMATRIX>
            <BONEMATRIX name="rightElbow">mat4f 0.866753 -0.353252 -0.352067 0.000000 0.277854 0.927762 -0.249109 0.000000 0.410714 0.113590 0.904661 0.000000 0.000000 0.000000 0.000000 1.000000</BONEMATRIX>
            <BONEMATRIX name="rightFoot">mat4f 1.000000 0.000000 0.000000 0.000000 0.000000 1.000000 0.000000 0.000000 0.000000 0.000000 1.000000 0.000000 0.000000 0.000000 0.000000 1.000000</BONEMATRIX>
            <BONEMATRIX name="rightHand">mat4f 1.000000 0.000000 0.000000 0.000000 0.000000 1.000000 0.000000 0.000000 0.000000 0.000000 1.000000 0.000000 0.000000 0.000000 0.000000 1.000000</BONEMATRIX>
            <BONEMATRIX name="rightKnee">mat4f 1.000000 0.000000 0.000000 0.000000 0.000000 1.000000 0.000000 0.000000 0.000000 0.000000 1.000000 0.000000 0.000000 0.000000 0.000000 1.000000</BONEMATRIX>
            <BONEMATRIX name="rightShoulder">mat4f -0.027435 -0.095272 -0.995074 0.000000 0.911009 0.407592 -0.062678 0.000000 0.411615 -0.908206 0.075740 0.000000 0.000000 0.000000 0.000000 1.000000</BONEMATRIX>
            <BONEMATRIX name="rightThigh">mat4f 1.000000 0.000000 0.000000 0.000000 0.000000 1.000000 0.000000 0.000000 0.000000 0.000000 1.000000 0.000000 0.000000 0.000000 0.000000 1.000000</BONEMATRIX>
            <BONEMATRIX name="rightToe">mat4f 1.000000 0.000000 0.000000 0.000000 0.000000 1.000000 0.000000 0.000000 0.000000 0.000000 1.000000 0.000000 0.000000 0.000000 0.000000 1.000000</BONEMATRIX>
            <BONEMATRIX name="skelBase">mat4f 1.000000 0.000000 0.000000 0.000000 0.000000 1.000000 0.000000 0.000000 0.000000 0.000000 1.000000 0.000000 0.000000 0.000000 0.000000 1.000000</BONEMATRIX>
            <BONEMATRIX name="spine">mat4f 0.999138 -0.030221 0.028494 0.000000 0.032664 0.995423 -0.089819 0.000000 -0.025605 0.090110 0.995603 0.000000 0.000000 0.000000 0.000000 1.000000</BONEMATRIX>
        </KEYFRAME>
        <KEYFRAME>
            <LOCATIONKEY>vec3f 0.000000 0.000000 0.000000</LOCATIONKEY>
            <ROTATIONKEY>vec3f 0.000000 0.000000 0.000000</ROTATIONKEY>
            <TIMEKEY>float 4050.000000</TIMEKEY>
            <BONEMATRIX name="head">mat4f 0.988948 0.002281 -0.148242 0.000000 -0.000024 0.999884 0.015227 0.000000 0.148260 -0.015055 0.988834 0.000000 0.000000 0.000000 0.000000 1.000000</BONEMATRIX>
            <BONEMATRIX name="leftElbow">mat4f 0.830101 0.453544 0.324391 0.000000 -0.375943 0.885251 -0.273855 0.000000 -0.413581 0.099707 0.904991 0.000000 0.000000 0.000000 0.000000 1.000000</BONEMATRIX>
            <BONEMATRIX name="leftFoot">mat4f 1.000000 0.000000 0.000000 0.000000 0.000000 1.000000 0.000000 0.000000 0.000000 0.000000 1.000000 0.000000 0.000000 0.000000 0.000000 1.000000</BONEMATRIX>
            <BONEMATRIX name="leftHand">mat4f 1.000000 0.000000 0.000000 0.000000 0.000000 1.000000 0.000000 0.000000 0.000000 0.000000 1.000000 0.000000 0.000000 0.000000 0.000000 1.000000</BONEMATRIX>
            <BONEMATRIX name="leftKnee">mat4f 1.000000 0.000000 0.000000 0.000000 0.000000 1.000000 0.000000 0.000000 0.000000 0.000000 1.000000 0.000000 0.000000 0.000000 0.000000 1.000000</BONEMATRIX>
            <BONEMATRIX name="leftShoulder">mat4f 0.138397 0.071533 0.987789 0.000000 -0.864293 0.497012 0.077296 0.000000 -0.514370 -0.854309 0.074688 0.000000 0.000000 0.000000 0.000000 1.000000</BONEMATRIX>
            <BONEMATRIX name="leftThigh">mat4f 1.000000 0.000000 0.000000 0.000000 0.000000 1.000000 0.000000 0.000000 0.000000 0.000000 1.000000 0.000000 0.000000 0.000000 0.000000 1.000000</BONEMATRIX>
            <BONEMATRIX name="leftToe">mat4f 1.000000 0.000000 0.000000 0.000000 0.000000 1.000000 0.000000 0.000000 0.000000 0.000000 1.000000 0.000000 0.000000 0.000000 0.000000 1.000000</BONEMATRIX>
            <BONEMATRIX name="neck">mat4f 0.981225 -0.192864 0.000000 0.000000 0.192864 0.981225 0.000000 0.000000 0.000000 0.000000 1.000000 0.000000 0.000000 0.000000 0.000000 1.000000</BONEMATRIX>
            <BONEMATRIX name="pelvis">mat4f 1.000000 0.000000 0.000000 0.000000 0.000000 1.000000 0.000000 0.000000 0.000000 0.000000 1.000000 0.000000 0.000000 0.000000 0.000000 1.000000</BONEMATRIX>
            <BONEMATRIX name="rightElbow">mat4f 0.866753 -0.353252 -0.352067 0.000000 0.277854 0.927762 -0.249109 0.000000 0.410714 0.113590 0.904661 0.000000 0.000000 0.000000 0.000000 1.000000</BONEMATRIX>
            <BONEMATRIX name="rightFoot">mat4f 1.000000 0.000000 0.000000 0.000000 0.000000 1.000000 0.000000 0.000000 0.000000 0.000000 1.000000 0.000000 0.000000 0.000000 0.000000 1.000000</BONEMATRIX>
            <BONEMATRIX name="rightHand">mat4f 1.000000 0.000000 0.000000 0.000000 0.000000 1.000000 0.000000 0.000000 0.000000 0.000000 1.000000 0.000000 0.000000 0.000000 0.000000 1.000000</BONEMATRIX>
            <BONEMATRIX name="rightKnee">mat4f 1.000000 0.000000 0.000000 0.000000 0.000000 1.000000 0.000000 0.000000 0.000000 0.000000 1.000000 0.000000 0.000000 0.000000 0.000000 1.000000</BONEMATRIX>
            <BONEMATRIX name="rightShoulder">mat4f 0.045285 -0.253386 -0.966306 0.000000 0.911010 0.407592 -0.062678 0.000000 0.409789 -0.877419 0.249420 0.000000 0.000000 0.000000 0.000000 1.000000</BONEMATRIX>
            <BONEMATRIX name="rightThigh">mat4f 1.000000 0.000000 0.000000 0.000000 0.000000 1.000000 0.000000 0.000000 0.000000 0.000000 1.000000 0.000000 0.000000 0.000000 0.000000 1.000000</BONEMATRIX>
            <BONEMATRIX name="rightToe">mat4f 1.000000 0.000000 0.000000 0.000000 0.000000 1.000000 0.000000 0.000000 0.000000 0.000000 1.000000 0.000000 0.000000 0.000000 0.000000 1.000000</BONEMATRIX>
            <BONEMATRIX name="skelBase">mat4f 1.000000 0.000000 0.000000 0.000000 0.000000 1.000000 0.000000 0.000000 0.000000 0.000000 1.000000 0.000000 0.000000 0.000000 0.000000 1.000000</BONEMATRIX>
            <BONEMATRIX name="spine">mat4f 0.999138 -0.030221 0.028494 0.000000 0.032664 0.995423 -0.089819 0.000000 -0.025605 0.090110 0.995603 0.000000 0.000000 0.000000 0.000000 1.000000</BONEMATRIX>
        </KEYFRAME>
        <KEYFRAME>
            <LOCATIONKEY>vec3f 0.000000 0.000000 0.000000</LOCATIONKEY>
            <ROTATIONKEY>vec3f 0.000000 0.000000 0.000000</ROTATIONKEY>
            <TIMEKEY>float 4450.000000</TIMEKEY>
            <BONEMATRIX name="head">mat4f 0.988948 0.002281 -0.148242 0.000000 -0.000024 0.999884 0.015227 0.000000 0.148260 -0.015055 0.988834 0.000000 0.000000 0.000000 0.000000 1.000000</BONEMATRIX>
            <BONEMATRIX name="leftElbow">mat4f 0.858243 0.444514 0.256566 0.000000 -0.470872 0.880691 0.051593 0.000000 -0.204972 -0.170694 0.963769 0.000000 0.000000 0.000000 0.000000 1.000000</BONEMATRIX>
            <BONEMATRIX name="leftFoot">mat4f 1.000000 0.000000 0.000000 0.000000 0.000000 1.000000 0.000000 0.000000 0.000000 0.000000 1.000000 0.000000 0.000000 0.000000 0.000000 1.000000</BONEMATRIX>
            <BONEMATRIX name="leftHand">mat4f 1.000000 0.000000 0.000000 0.000000 0.000000 1.000000 0.000000 0.000000 0.000000 0.000000 1.000000 0.000000 0.000000 0.000000 0.000000 1.000000</BONEMATRIX>
            <BONEMATRIX name="leftKnee">mat4f 1.000000 0.000000 0.000000 0.000000 0.000000 1.000000 0.000000 0.000000 0.000000 0.000000 1.000000 0.000000 0.000000 0.000000 0.000000 1.000000</BONEMATRIX>
            <BONEMATRIX name="leftShoulder">mat4f 0.606333 0.513238 0.607411 0.000000 -0.682473 -0.069821 0.727565 0.000000 0.362367 -0.885674 0.290289 0.000000 0.000000 0.000000 0.000000 1.000000</BONEMATRIX>
            <BONEMATRIX name="leftThigh">mat4f 1.000000 0.000000 0.000000 0.000000 0.000000 1.000000 0.000000 0.000000 0.000000 0.000000 1.000000 0.000000 0.000000 0.000000 0.000000 1.000000</BONEMATRIX>
            <BONEMATRIX name="leftToe">mat4f 1.000000 0.000000 0.000000 0.000000 0.000000 1.000000 0.000000 0.000000 0.000000 0.000000 1.000000 0.000000 0.000000 0.000000 0.000000 1.000000</BONEMATRIX>
            <BONEMATRIX name="neck">mat4f 1.000000 0.000000 0.000000 0.000000 0.000000 0.994375 -0.105917 0.000000 0.000000 0.105917 0.994375 0.000000 0.000000 0.000000 0.000000 1.000000</BONEMATRIX>
            <BONEMATRIX name="pelvis">mat4f 1.000000 0.000000 0.000000 0.000000 0.000000 1.000000 0.000000 0.000000 0.000000 0.000000 1.000000 0.000000 0.000000 0.000000 0.000000 1.000000</BONEMATRIX>
            <BONEMATRIX name="rightElbow">mat4f 0.866753 -0.353252 -0.352067 0.000000 0.277854 0.927762 -0.249109 0.000000 0.410714 0.113590 0.904661 0.000000 0.000000 0.000000 0.000000 1.000000</BONEMATRIX>
            <BONEMATRIX name="rightFoot">mat4f 1.000000 0.000000 0.000000 0.000000 0.000000 1.000000 0.000000 0.000000 0.000000 0.000000 1.000000 0.000000 0.000000 0.000000 0.000000 1.000000</BONEMATRIX>
            <BONEMATRIX name="rightHand">mat4f 1.000000 0.000000 0.000000 0.000000 0.000000 1.000000 0.000000 0.000000 0.000000 0.000000 1.000000 0.000000 0.000000 0.000000 0.000000 1.000000</BONEMATRIX>
            <BONEMATRIX name="rightKnee">mat4f 1.000000 0.000000 0.000000 0.000000 0.000000 1.000000 0.000000 0.000000 0.000000 0.000000 1.000000 0.000000 0.000000 0.000000 0.000000 1.000000</BONEMATRIX>
            <BONEMATRIX name="rightShoulder">mat4f 0.461095 -0.297211 -0.836098 0.000000 0.885572 0.201688 0.418427 0.000000 0.044262 -0.933310 0.356336 0.000000 0.000000 0.000000 0.000000 1.000000</BONEMATRIX>
            <BONEMATRIX name="rightThigh">mat4f 1.000000 0.000000 0.000000 0.000000 0.000000 1.000000 0.000000 0.000000 0.000000 0.000000 1.000000 0.000000 0.000000 0.000000 0.000000 1.000000</BONEMATRIX>
            <BONEMATRIX name="rightToe">mat4f 1.000000 0.000000 0.000000 0.000000 0.000000 1.000000 0.000000 0.000000 0.000000 0.000000 1.000000 0.000000 0.000000 0.000000 0.000000 1.000000</BONEMATRIX>
            <BONEMATRIX name="skelBase">mat4f 1.000000 0.000000 0.000000 0.000000 0.000000 1.000000 0.000000 0.000000 0.000000 0.000000 1.000000 0.000000 0.000000 0.000000 0.000000 1.000000</BONEMATRIX>
            <BONEMATRIX name="spine">mat4f 0.999138 -0.030221 0.028494 0.000000 0.032664 0.995423 -0.089819 0.000000 -0.025605 0.090110 0.995603 0.000000 0.000000 0.000000 0.000000 1.000000</BONEMATRIX>
        </KEYFRAME>
        <KEYFRAME>
            <LOCATIONKEY>vec3f 0.000000 0.000000 0.000000</LOCATIONKEY>
            <ROTATIONKEY>vec3f 0.000000 0.000000 0.000000</ROTATIONKEY>
            <TIMEKEY>float 5530.000000</TIMEKEY>
            <BONEMATRIX name="head">mat4f 0.988948 0.002281 -0.148242 0.000000 -0.000024 0.999884 0.015227 0.000000 0.148260 -0.015055 0.988834 0.000000 0.000000 0.000000 0.000000 1.000000</BONEMATRIX>
